Reservoir: 1
Parameter: 1
Date: 2020-01-02
Minimum value: -0.7405472245845569
Maximum value: 10.018022992768588
